CA	45,270	151,300	124,401	240,579	225,656	148,643	68,554	27,378	
OR	46,268	99,128	123,141	119,159	260,180	270,193	229,317	
NV	150,300	304,335	264,542	246,537	242,577	125,401	
WA	260,177	283,76	151,42	154,82	101,51	99,128	126,143	120,156	
ID	283,76	308,84	295,116	327,173	317,207	335,205	349,255	396,252	382,348	230,317	269,191	262,177	
MT	391,250	351,253	335,205	317,204	329,172	297,117	309,82	588,125	572,264	396,240	
WY	397,240	572,265	560,405	377,383	
UT	303,334	380,348	377,384	430,392	409,533	272,507	
AZ	273,509	408,535	382,730	318,721	221,665	248,540	269,544	
NM	382,730	410,532	579,550	563,726	457,722	408,716	404,734	
CO	428,391	612,410	606,551	410,531	
AK	251,759	181,731	123,755	134,799	95,783	98,805	107,812	133,813	130,830	99,831	81,849	86,877	102,880	98,897	130,908	117,932	53,948	110,945	160,915	155,908	180,880	193,883	191,887	181,890	174,909	195,900	204,905	205,891	215,887	220,895	259,906	318,963	347,965	295,909	283,921	255,897	255,756	
HI	555,949	511,896	401,852	371,866	400,865	516,943	523,965	542,957	559,952	550,945	
ND	589,125	746,133	760,239	577,230	
SD	577,230	761,240	760,361	709,342	568,334	
NE	566,335	716,344	764,364	795,450	614,443	616,413	560,405	
KS	610,445	801,456	812,483	812,557	608,551	615,446	
OK	580,551	812,560	821,678	796,667	716,667	659,641	663,572	577,568	
TX	575,570	663,575	659,643	719,671	799,671	825,681	844,814	731,884	734,947	667,919	611,811	571,807	553,833	506,799	505,772	458,725	567,728	
MN	744,132	795,130	795,115	803,120	805,139	936,161	899,177	868,211	868,234	855,250	861,256	858,285	900,322	764,327	
IA	765,329	900,325	904,348	927,373	927,392	905,397	897,434	826,426	788,428	761,325	
MO	786,430	896,436	967,557	952,592	937,592	941,571	814,572	814,476	791,431	
AK	814,575	939,575	935,586	952,594	918,671	921,700	833,702	
LA	831,703	918,702	926,720	906,761	908,768	963,765	971,798	993,833	927,834	843,812	
MS	941,624	1002,621	1010,783	972,790	966,766	906,765	928,720	917,703	927,700	921,668	
WI	868,209	902,199	896,211	978,235	982,259	1000,252	983,317	991,352	919,357	901,323	861,287	861,255	856,252	870,234	
IL	918,360	988,354	998,375	1007,488	988,548	965,549	897,437	910,406	908,401	930,396	930,370	
MI	910,212	952,198	974,172	961,200	1064,196	1076,216	1112,286	1123,318	1103,366	1019,377	1033,339	1019,309	1026,269	1053,231	1054,220	1035,218	1014,230	996,229	987,256	982,237	
IN	1000,380	1020,377	1071,373	1083,474	1053,509	1002,519	1010,493	
KY	1084,465	1140,479	1162,511	1128,548	1000,559	1000,568	965,568	971,551	992,550	1002,519	1055,511	1089,472	
TN	963,570	1001,567	1001,562	1178,544	1167,560	1110,608	941,624	
AL	1004,621	1076,614	1106,708	1107,751	1028,761	1037,781	1028,791	1022,772	1014,779	
OH	1070,371	1114,369	1132,377	1180,351	1189,414	1146,483	1085,466	
FL	1031,763	1111,754	1115,760	1200,760	1199,746	1217,750	1242,813	1238,801	1256,821	1259,836	1280,874	1285,919	1277,932	1260,941	1226,897	1216,899	1188,851	1189,813	1142,781	1131,786	1107,799	1077,779	1041,785	
GA	1108,751	1119,761	1198,759	1199,747	1217,748	1225,699	1140,616	1145,606	1077,615	1108,711	
SC	1149,603	1206,590	1215,601	1243,597	1280,623	1267,650	1225,699	1143,616	
NC	1177,542	1339,515	1351,537	1343,558	1329,557	1333,564	1331,572	1338,573	1339,581	1325,584	1305,599	1302,619	1281,621	1246,597	1215,601	1210,589	1115,610	1177,555	
VA	1131,548	1165,511	1175,518	1211,503	1222,462	1252,426	1273,427	1292,437	1289,454	1316,468	1322,500	1334,503	1340,513	
WV	1190,415	1143,485	1175,518	1213,500	1222,463	1252,424	1274,427	1292,437	1259,418	1225,440	1224,422	1193,424	
PA	1182,347	1197,335	1200,343	1309,320	1331,338	1329,366	1343,378	1330,399	1197,424	
NY	1199,330	1220,309	1207,296	1243,286	1250,288	1281,272	1280,255	1273,250	1298,212	1337,204	1360,278	1364,348	1331,338	1309,321	1203,343	
MD	1225,419	1322,404	1333,446	1346,444	1347,459	1334,462	1321,452	1318,454	1300,461	1292,453	1292,437	1259,418	1228,437	
DE	1334,441	1346,443	1333,415	1325,409	
NJ	1324,405	1351,424	1364,396	1359,348	1333,342	1331,366	1339,375	1343,378	1327,401	
CT	1364,307	1404,297	1405,321	1366,343	
MA	1364,278	1410,270	1417,262	1422,270	1419,283	1431,283	1436,294	1451,294	1438,304	1430,304	1427,310	1413,295	1362,309	
VT	1361,278	1379,275	1377,218	1388,212	1382,196	1342,205	
NH	1384,183	1391,183	1422,261	1410,272	1381,277	1381,224	1379,222	1394,212	1384,195	
ME	1391,180	1401,180	1406,152	1401,143	1417,94	1427,103	1439,91	1453,98	1466,143	1474,146	1480,160	1488,160	1493,169	1475,194	1469,186	1460,196	1451,193	1451,212	1432,228	1421,253	
RI	1405,317	1404,299	1417,301	1423,309	1408,322	
NHlabel	1140,67	1303,67	1303,97	1140,97	
VTllabel	1212,111	1302,111	1302,139	1212,139	
MAlabel	1150,151	1300,151	1300,180	1150,180	
RIlabel	1445,329	1581,329	1581,358	1445,358	
CTlabel	1456,371	1580,371	1580,400	1456,400	
NJlabel	1460,410	1581,410	1581,443	1460,443	
DElabel	1483,453	1580,453	1580,483	1483,483	
MDlabel	1484,493	1581,493	1581,527	1484,527	
WVlabel	1445,571	1580,571	1580,602	1445,602	
